MMR
lambda = 0.25
alpha | K |  alpha-NDCG@K
0.1	1	0.211
0.1	5	0.225
0.1	10	0.268
0.1	20	0.332
0.1	30	0.376
0.1	40	0.409
0.1	50	0.435

MMR
lambda = 0.25
alpha | K |  alpha-NDCG@K
0.5	1	0.211
0.5	5	0.273
0.5	10	0.334
0.5	20	0.399
0.5	30	0.432
0.5	40	0.457
0.5	50	0.478

MMR
lambda = 0.25
alpha | K |  alpha-NDCG@K
0.9	1	0.211
0.9	5	0.303
0.9	10	0.357
0.9	20	0.409
0.9	30	0.437
0.9	40	0.461
0.9	50	0.482

MMR
lambda = 0.5
alpha | K |  alpha-NDCG@K
0.1	1	0.231
0.1	5	0.236
0.1	10	0.278
0.1	20	0.340
0.1	30	0.384
0.1	40	0.418
0.1	50	0.445

MMR
lambda = 0.5
alpha | K |  alpha-NDCG@K
0.5	1	0.231
0.5	5	0.286
0.5	10	0.348
0.5	20	0.410
0.5	30	0.444
0.5	40	0.468
0.5	50	0.488

MMR
lambda = 0.5
alpha | K |  alpha-NDCG@K
0.9	1	0.231
0.9	5	0.318
0.9	10	0.373
0.9	20	0.423
0.9	30	0.449
0.9	40	0.470
0.9	50	0.488

