Portfolio
lambda = 4
alpha | K |  alpha-NDCG@K
0.1	1	0.444
0.1	5	0.458
0.1	10	0.477
0.1	20	0.512
0.1	30	0.542
0.1	40	0.564
0.1	50	0.582

Portfolio
lambda = 4
alpha | K |  alpha-NDCG@K
0.5	1	0.444
0.5	5	0.510
0.5	10	0.545
0.5	20	0.581
0.5	30	0.600
0.5	40	0.610
0.5	50	0.618

Portfolio
lambda = 4
alpha | K |  alpha-NDCG@K
0.9	1	0.444
0.9	5	0.532
0.9	10	0.563
0.9	20	0.590
0.9	30	0.603
0.9	40	0.610
0.9	50	0.615

Portfolio
lambda = -4
alpha | K |  alpha-NDCG@K
0.1	1	0.298
0.1	5	0.338
0.1	10	0.380
0.1	20	0.430
0.1	30	0.468
0.1	40	0.497
0.1	50	0.519

Portfolio
lambda = -4
alpha | K |  alpha-NDCG@K
0.5	1	0.298
0.5	5	0.379
0.5	10	0.431
0.5	20	0.488
0.5	30	0.526
0.5	40	0.550
0.5	50	0.567

Portfolio
lambda = -4
alpha | K |  alpha-NDCG@K
0.9	1	0.298
0.9	5	0.392
0.9	10	0.441
0.9	20	0.495
0.9	30	0.532
0.9	40	0.554
0.9	50	0.571

